calibration:
  translation:
    x: -6.31927e-05
    y: -0.022662
    z: -0.0391175
  rotation:
    x: -0.00854157
    y: -0.0078801
    z: -0.00196396
    w: 0.999931
