calibration:
  translation:
    x: 0.0161221
    y: -0.00232958
    z: -0.0395045
  rotation:
    x: 0.000570452
    y: 0.0104054
    z: -0.0140411
    w: 0.999847
