calibration:
  translation:
    x: 0.0167956
    y: -0.0022661
    z: -0.0385694
  rotation:
    x: 0.0050587
    y: 0.00390945
    z: -0.013651
    w: 0.999886
