calibration:
  translation:
    x: 0.0182968
    y: -0.0129292
    z: -0.0360442
  rotation:
    x: 0.00218498
    y: 0.0152294
    z: 0.485339
    w: 0.874191
