calibration:
  translation:
    x: 0.00142265
    y: 0.0235074
    z: -0.038184
  rotation:
    x: 0.0164255
    y: -0.00700734
    z: 0.999839
    w: -0.00181026
