calibration:
  translation:
    x: 0.0095105
    y: 0.0183669
    z: -0.0389049
  rotation:
    x: 0.00484592
    y: 0.00297196
    z: 0.506902
    w: 0.861985
