trackable_calibration:
  calibration:
    translation:
      x: 0.0719104
      y: 0.0788556
      z: 0.00567479
    rotation:
      x: 0.00194258
      y: 0.00611796
      z: -0.674363
      w: 0.738373
