trackable_calibration:
  calibration:
    translation:
      x: -0.0345792
      y: -0.0269643
      z: -0.0272335
    rotation:
      x: -0.0024867
      y: -0.0115999
      z: 0.748765
      w: 0.66273
