calibration:
  translation:
    x: -0.0422298
    y: 0.0171211
    z: -0.0263968
  rotation:
    x: 0.00805594
    y: -0.00399938
    z: 0.317858
    w: 0.948096
