calibration:
  translation:
    x: 0.0225352
    y: -0.00708925
    z: -0.0180182
  rotation:
    x: -0.00748951
    y: 0.00268135
    z: 0.999866
    w: 0.0143255
