calibration:
  translation:
    x: 0.0292141
    y: 0.00672206
    z: -0.0256186
  rotation:
    x: -0.00185937
    y: -0.0198967
    z: 0.0513627
    w: 0.99848
