trackable_calibration:
  calibration:
    translation:
      x: -0.0107896
      y: 0.055839
      z: -0.0251838
    rotation:
      x: -0.00290294
      y: 0.000939387
      z: -0.0933784
      w: 0.995626
