calibration:
  translation:
    x: 0.00871237
    y: -0.0163492
    z: -0.0421065
  rotation:
    x: -0.000801708
    y: 0.00395324
    z: -0.668158
    w: 0.744009
