calibration:
  translation:
    x: 0.00632078
    y: 0.0399864
    z: -0.0298708
  rotation:
    x: 0.00114514
    y: 0.000847661
    z: 0.706276
    w: 0.707935
