calibration:
  translation:
    x: 0.0194979
    y: -0.012807
    z: -0.0234491
  rotation:
    x: 0.00331777
    y: 0.00120509
    z: -0.205512
    w: 0.978648
