calibration:
  translation:
    x: -0.0424864
    y: 0.0167836
    z: -0.0259951
  rotation:
    x: 0.00988143
    y: -0.00291725
    z: 0.318536
    w: 0.947855
