calibration:
  translation:
    x: 0.0179951
    y: 0.0146667
    z: -0.0254679
  rotation:
    x: 0.00179687
    y: -0.000595329
    z: 0.394597
    w: 0.918852
