calibration:
  translation:
    x: -0.03724
    y: -0.00790047
    z: -0.0489197
  rotation:
    x: 0.0142323
    y: 0.00208708
    z: 0.729027
    w: 0.684334
