calibration:
  translation:
    x: -0.0206652
    y: 0.0424304
    z: -0.0477386
  rotation:
    x: -0.00229533
    y: 0.00652575
    z: -0.738385
    w: 0.674344
