calibration:
  translation:
    x: 0.00629747
    y: -0.00285579
    z: -0.0319013
  rotation:
    x: 0.0077522
    y: 0.00454787
    z: 0.559457
    w: 0.828811
