calibration:
  translation:
    x: 0.0379744
    y: -0.0189611
    z: -0.0323286
  rotation:
    x: -0.00307674
    y: 0.0106489
    z: -0.0197355
    w: 0.999744
