calibration:
  translation:
    x: -0.0277804
    y: 0.0219053
    z: -0.0298888
  rotation:
    x: 0.00547021
    y: 0.00805451
    z: 0.999037
    w: 0.0427761
