calibration:
  translation:
    x: -0.0140136
    y: 0.0347182
    z: -0.0493934
  rotation:
    x: 0.00485014
    y: 0.0017148
    z: 0.0997486
    w: 0.994999
