calibration:
  translation:
    x: -0.00269642
    y: 0.00419998
    z: -0.0286988
  rotation:
    x: -0.00861716
    y: 0.000525399
    z: -0.780582
    w: 0.624994
