calibration:
  translation:
    x: 0.0141053
    y: -0.00572762
    z: -0.031954
  rotation:
    x: 0.014487
    y: -0.00220549
    z: 0.947394
    w: -0.319735
