calibration:
  translation:
    x: 0.00740328
    y: 0.0394335
    z: -0.0303448
  rotation:
    x: 0.00136507
    y: -0.00326324
    z: 0.707612
    w: 0.706593
