calibration:
  translation:
    x: -0.0150252
    y: 0.0419223
    z: -0.0478035
  rotation:
    x: 0.0020856
    y: -0.00218807
    z: 0.942829
    w: 0.333264
