calibration:
  translation:
    x: 0.0194979
    y: -0.012807
    z: -0.0234491
  rotation:
    x: 0.00669143
    y: 0.00877117
    z: -0.205433
    w: 0.978609
