calibration:
  translation:
    x: 0.00582751
    y: 0.0226726
    z: -0.0261795
  rotation:
    x: 0.00723984
    y: -0.00392369
    z: 0.682538
    w: 0.730803
