calibration:
  translation:
    x: 0.00494979
    y: 0.0212917
    z: -0.0420891
  rotation:
    x: 0.00512126
    y: 0.0146879
    z: 0.0241031
    w: 0.999588
