calibration:
  translation:
    x: 0.0147106
    y: -0.0044975
    z: -0.0308484
  rotation:
    x: 0.000461917
    y: 0.00136138
    z: 0.946198
    w: -0.323586
