calibration:
  translation:
    x: 0.00215794
    y: 0.0407397
    z: -0.0296259
  rotation:
    x: 0.00153575
    y: 0.00607612
    z: 0.79115
    w: 0.61159
