calibration:
  translation:
    x: 0.0185152
    y: 0.0376437
    z: -0.0325924
  rotation:
    x: 0.00199039
    y: 0.00568637
    z: 0.706258
    w: 0.707929
