calibration:
  translation:
    x: -0.139436
    y: -0.73526
    z: -0.0484063
  rotation:
    x: 0.0046383
    y: 0.000538946
    z: -0.038871
    w: 0.999233
