calibration:
  translation:
    x: -0.0217868
    y: 0.00160296
    z: -0.0175368
  rotation:
    x: 0.00185487
    y: -0.00108904
    z: 0.118204
    w: 0.992987
