calibration:
  translation:
    x: -0.0208084
    y: 0.00878907
    z: -0.0173561
  rotation:
    x: -0.000669843
    y: -0.00492671
    z: 0.0394993
    w: 0.999207
