calibration:
  translation:
    x: 0.00766884
    y: -0.00264268
    z: -0.0323077
  rotation:
    x: -0.00438528
    y: 0.0144011
    z: 0.632718
    w: 0.774236
