calibration:
  translation:
    x: 0.0244488
    y: -0.00971681
    z: -0.0244152
  rotation:
    x: -0.0131706
    y: -0.016072
    z: -0.0613311
    w: 0.997901
