calibration:
  translation:
    x: -0.021138
    y: -0.0487337
    z: -0.0228349
  rotation:
    x: 0.0052385
    y: 0.00393923
    z: 0.107493
    w: 0.994184
