calibration:
  translation:
    x: -0.0251768
    y: -0.0170395
    z: -0.0532854
  rotation:
    x: -0.00235326
    y: -0.000923111
    z: 0.719347
    w: 0.694647
