calibration:
  translation:
    x: 0.0251861
    y: -0.00126598
    z: -0.0239002
  rotation:
    x: -0.000669304
    y: -0.00106939
    z: -0.0238396
    w: 0.999715
