calibration:
  translation:
    x: 0.0203981
    y: 0.0125946
    z: -0.0179169
  rotation:
    x: 0.00207533
    y: -0.00126674
    z: 0.915328
    w: -0.402701
