calibration:
  translation:
    x: 0.0245731
    y: 0.00017394
    z: -0.0288697
  rotation:
    x: 0.00427488
    y: 0.00687916
    z: 0.042122
    w: 0.99908
