calibration:
  translation:
    x: -0.0422132
    y: 0.0166418
    z: -0.0259223
  rotation:
    x: 0.010584
    y: -0.00323448
    z: 0.318433
    w: 0.947881
