calibration:
  translation:
    x: -0.0204967
    y: 0.0425943
    z: -0.0477318
  rotation:
    x: -0.00205323
    y: 0.00595072
    z: -0.738485
    w: 0.674241
