calibration:
  translation:
    x: -0.00280816
    y: 0.0142375
    z: -0.030286
  rotation:
    x: -0.00266441
    y: -0.00122274
    z: -0.229416
    w: 0.973324
