calibration:
  translation:
    x: 0.00582751
    y: 0.0226726
    z: -0.0261795
  rotation:
    x: 0.000456378
    y: 0.00169101
    z: 0.682578
    w: 0.730811
