calibration:
  translation:
    x: 0.0427865
    y: -0.0129349
    z: -0.0306047
  rotation:
    x: 0.0021958
    y: 0.00248692
    z: 0.0849061
    w: 0.996383
