calibration:
  translation:
    x: -0.0285178
    y: 0.0384303
    z: -0.0475871
  rotation:
    x: -0.00269854
    y: 0.00526788
    z: -0.668008
    w: 0.74413
