calibration:
  translation:
    x: 0.0203284
    y: -0.0126203
    z: -0.0239741
  rotation:
    x: -0.0034174
    y: 0.00349291
    z: -0.207066
    w: 0.978315
