calibration:
  translation:
    x: 0.0239256
    y: -0.000499998
    z: -0.0283289
  rotation:
    x: 0.00484999
    y: 0.00258745
    z: 0.0434558
    w: 0.99904
