calibration:
  translation:
    x: -0.0217626
    y: 0.00586135
    z: -0.0174025
  rotation:
    x: 3.16988e-06
    y: -0.00224096
    z: 0.0264007
    w: 0.999649
