calibration:
  translation:
    x: -0.00392614
    y: -0.0101796
    z: -0.0171149
  rotation:
    x: -0.00417827
    y: 0.00363623
    z: 0.830452
    w: 0.557063
