trackable_calibration:
  calibration:
    translation:
      x: -0.0429643
      y: 0.0110245
      z: -0.0268796
    rotation:
      x: -0.000932066
      y: 0.00035118
      z: 0.379192
      w: 0.925318
