calibration:
  translation:
    x: 0.0166755
    y: 0.00683628
    z: -0.0418207
  rotation:
    x: 0.00440532
    y: -0.00279045
    z: 0.00667549
    w: 0.999964
