calibration:
  translation:
    x: 0.00291917
    y: 0.0214513
    z: -0.0386995
  rotation:
    x: -0.00241207
    y: 0.00110399
    z: 0.999971
    w: 0.00709342
