calibration:
  translation:
    x: 0.00291917
    y: 0.0214513
    z: -0.0386995
  rotation:
    x: 0.00329164
    y: -0.0038756
    z: 0.999962
    w: 0.0070593
