cam_model: ATAN
cam_width: 752
cam_height: 480
cam_fx: 0.521961
cam_fy: 0.815589
cam_cx: 0.489929
cam_cy: 0.524352
cam_d0: 0.941115
cam_calib_date: '2014-04-14'
cam_name: BLUEFOX_25000853
cam_description: 'Bluefox Camera IDSIA no. 1' 
