cam_model: Pinhole
cam_width: 752
cam_height: 480
cam_fx: 419.194863
cam_fy: 419.722820
cam_cx: 358.442108
cam_cy: 231.305067
cam_d0: -0.291113
cam_d1: 0.077341
cam_d2: 0.000082
cam_d3: 0.000075
cam_calib_date: '2014-05-06'
cam_name: BLUEFOX_25000802
cam_description: 'Bluefox Camera IDSIA (2Pac)'
