cam_model: Pinhole
cam_width: 752
cam_height: 480
cam_fx: 422.442145
cam_fy: 423.098604
cam_cx: 384.344172
cam_cy: 231.863856
cam_d0: -0.280670
cam_d1: 0.067379
cam_d2: -0.001031
cam_d3: -0.000816
cam_calib_date: '2014-10-03'
cam_name: BLUEFOX_25000826
cam_description: 'Currently on drdre'