cam_model: Pinhole
cam_width: 752
cam_height: 480
cam_fx: 415.856248
cam_fy: 416.503058
cam_cx: 373.501332
cam_cy: 228.143415
cam_d0: -0.270401
cam_d1: 0.059994
cam_d2: -0.000023
cam_d3: 0.002336
cam_calib_date: '2014-05-06'
cam_name: BLUEFOX_25000742
cam_description: 'Bluefox Camera PX4 BIGGIE'
